background(186, 145, 20); // wooden table
ellipse(200, 200, 350, 350); // plate
fill(176, 212, 237);
ellipse(200, 200, 300, 300); 
fill(400, 400, 400);
stroke(400,400,400);
ellipse(250, 140, 130, 120);
fill(400,400, 400);
stroke(400,400,400);
ellipse(250, 270, 130, 120);
fill(229, 232, 35);
ellipse(250, 270, 50, 50);
ellipse(250, 140, 50, 50);
fill(255, 0, 0);
ellipse(110, 130, 60, 60);
ellipse(100, 190, 60,60);
ellipse(150,170,60,60);
fill(17, 69, 5);
rect(95,98, 12,3);
rect(107,98, 12,3);
rect(90,160, 12,3);
rect(100,160, 12,3);
rect(150,140, 12,3);
rect(140,140, 12,3);

ellipse(115, 250, 60,65);
fill(400,400,400,400);
ellipse(115, 250, 50,50);
fill(170, 194, 174);
ellipse(125, 240, 10,10);
ellipse(105, 240, 10,10);
ellipse(125, 260, 10,10);
ellipse(105, 260, 10,10);
fill(17, 69, 5);
ellipse(150, 300,65,60);
fill(400,400,400,400);
ellipse(150, 300, 50,50);
fill(170, 194, 174);
ellipse(160, 290, 10,10);
ellipse(140, 290, 10,10);
ellipse(140, 310, 10,10);
ellipse(160, 310, 10,10);
fill(17, 69, 5);
ellipse(170, 220,65,60);
fill(400,400,400,400);
ellipse(170,220, 50, 50);
fill(170, 194, 174);
ellipse(160,210,10,10);
ellipse(180,210,10,10);
ellipse(180,230,10,10);
ellipse(160,230,10,10);
